At r=14 the A002072 values become less than the A118478 values.

r  A118478             A002072 >= A118478               A002072 < A118478
---------------------------------------------------------------------------------------
1  1                   1
2  2                   8
3  5                   80
4  14                  4374
5  209                 9800
6  714                 123200
7  714                 336140
8  62985               11859210
9  367080              11859210
10 728364              177182720
11 64822394            1611308699
12 1306238010          3463199999  
13 11182598504         63927525375
14 715041747420                                         421138799639
15 51913478860880                                       1109496723125
16 454746157008780                                      1453579866024
17 9314160363311804                                     20628591204480
18 261062105979210899                                   31887350832896
19 261062105979210899                                   31887350832896
20 696537082207206753590                                119089041053696
21 54097844397380813592485                              2286831727304144
22 286495021083846822067820                             9591468737351909375
23 80126789479717708423427654                           9591468737351909375
24 1560127578864999430859224574                         9591468737351909375
25 161426380685234430031618378949                       9591468737351909375
26 1068347404745574833712572391014                      9591468737351909375
27 51565063824073875067459064628030                     19316158377073923834000
28 17376527530646578467434402114640744                  19316158377073923834000
29 83178975774588723362622809955011654                  19316158377073923834000
30 111864677694414289915788562532755718450              19316158377073923834000
31 1003057845958615687964806940916548516949             19316158377073923834000
32 237677386422383250538406793947802711579305           19316158377073923834000  
33 6158009534632138601476281839417693232400059          19316158377073923834000
34 892701656491187081164611632168881921660342530        124225935845233319439173
35 6996249238361835249103192602374926615961727114       124225935845233319439173 
36 4609323640415818597292154101076585409117204302644    124225935845233319439173
37 882039736851316706724031531710182642203588168802990  27129807647978258459761875
